 TamanhoClocks
         100   0.00000000    
         200   1.00000000    
         300   0.00000000    
         400   0.00000000    
         500   0.00000000    
         600   1.00000000    
         700   1.00000000    
         800   1.00000000    
         900   2.00000000    
        1000   1.00000000    
        1100   3.00000000    
        1200   2.00000000    
        1300   3.00000000    
        1400   4.00000000    
        1500   4.00000000    
        1600   5.00000000    
        1700   5.00000000    
        1800   6.00000000    
        1900   6.00000000    
        2000   7.00000000    
        2100   8.00000000    
        2200   9.00000000    
        2300   10.0000000    
        2400   10.0000000    
        2500   12.0000000    
        2600   12.0000000    
        2700   12.0000000    
        2800   14.0000000    
        2900   15.0000000    
        3000   16.0000000    
        3100   17.0000000    
        3200   18.0000000    
        3300   20.0000000    
        3400   20.0000000    
        3500   22.0000000    
        3600   22.0000000    
        3700   25.0000000    
        3800   25.0000000    
        3900   27.0000000    
        4000   28.0000000    
        4100   30.0000000    
        4200   31.0000000    
        4300   33.0000000    
        4400   34.0000000    
        4500   36.0000000    
        4600   38.0000000    
        4700   39.0000000    
        4800   40.0000000    
        4900   42.0000000    
        5000   44.0000000    
        5100   47.0000000    
        5200   57.0000000    
        5300   51.0000000    
        5400   51.0000000    
        5500   55.0000000    
        5600   56.0000000    
        5700   58.0000000    
        5800   59.0000000    
        5900   61.0000000    
        6000   72.0000000    
        6100   72.0000000    
        6200   69.0000000    
        6300   70.0000000    
        6400   75.0000000    
        6500   74.0000000    
        6600   77.0000000    
        6700   79.0000000    
        6800   86.0000000    
        6900   84.0000000    
        7000   89.0000000    
        7100   89.0000000    
        7200   91.0000000    
        7300   94.0000000    
        7400   97.0000000    
        7500   99.0000000    
        7600   101.000000    
        7700   103.000000    
        7800   107.000000    
        7900   109.000000    
        8000   114.000000    
        8100   115.000000    
        8200   118.000000    
        8300   121.000000    
        8400   124.000000    
        8500   127.000000    
        8600   130.000000    
        8700   132.000000    
        8800   137.000000    
        8900   138.000000    
        9000   144.000000    
        9100   146.000000    
        9200   150.000000    
        9300   152.000000    
        9400   155.000000    
        9500   161.000000    
        9600   162.000000    
        9700   167.000000    
        9800   170.000000    
        9900   172.000000    
       10000   175.000000    
