 TamanhoClocks
         100   1248.00000    
         200   1313.00000    
         300   1757.00000    
         400   1484.00000    
         500   1262.00000    
         600   1252.00000    
         700   1294.00000    
         800   1239.00000    
         900   1229.00000    
        1000   1241.00000    
        1100   1234.00000    
        1200   1239.00000    
        1300   1225.00000    
        1400   1232.00000    
        1500   1239.00000    
        1600   1227.00000    
        1700   1237.00000    
        1800   1229.00000    
        1900   1236.00000    
        2000   1227.00000    
        2100   1234.00000    
        2200   1228.00000    
        2300   1238.00000    
        2400   1235.00000    
        2500   1233.00000    
        2600   1231.00000    
        2700   1235.00000    
        2800   1229.00000    
        2900   1251.00000    
        3000   1232.00000    
        3100   1228.00000    
        3200   1237.00000    
        3300   1225.00000    
        3400   1242.00000    
        3500   1234.00000    
        3600   1242.00000    
        3700   1230.00000    
        3800   1233.00000    
        3900   1266.00000    
        4000   1241.00000    
        4100   1242.00000    
        4200   1237.00000    
        4300   1223.00000    
        4400   1229.00000    
        4500   1219.00000    
        4600   1220.00000    
        4700   1454.00000    
        4800   1302.00000    
        4900   1675.00000    
        5000   1977.00000    
        5100   1311.00000    
        5200   1661.00000    
        5300   1616.00000    
        5400   1358.00000    
        5500   1354.00000    
        5600   1581.00000    
        5700   1319.00000    
        5800   1308.00000    
        5900   1266.00000    
        6000   1271.00000    
        6100   1284.00000    
        6200   1507.00000    
        6300   1715.00000    
        6400   1201.00000    
        6500   1275.00000    
        6600   1253.00000    
        6700   1725.00000    
        6800   1188.00000    
        6900   1503.00000    
        7000   1510.00000    
        7100   1203.00000    
        7200   1455.00000    
        7300   1456.00000    
        7400   1227.00000    
        7500   1174.00000    
        7600   1175.00000    
        7700   1187.00000    
        7800   1420.00000    
        7900   1303.00000    
        8000   1371.00000    
        8100   1601.00000    
        8200   1294.00000    
        8300   1321.00000    
        8400   1351.00000    
        8500   1592.00000    
        8600   1320.00000    
        8700   1309.00000    
        8800   1270.00000    
        8900   1321.00000    
        9000   1264.00000    
        9100   1325.00000    
        9200   1264.00000    
        9300   1280.00000    
        9400   1300.00000    
        9500   1257.00000    
        9600   1300.00000    
        9700   1290.00000    
        9800   1294.00000    
        9900   1233.00000    
       10000   1557.00000    
